0.0 0.06 0.42
30.0 0.06 0.45
60.0 0.06 0.57
90.0 0.06 0.54
120.0 0.06 0.53
150.0 0.06 0.66
180.0 0.07 0.62
210.0 0.07 0.6
240.0 0.07 0.83
270.0 0.06 0.81
300.0 0.06 0.78
330.0 0.07 0.86
360.0 0.06 0.86
390.0 0.06 0.89
420.0 0.07 1.01
450.0 0.07 0.98
480.0 0.06 1.1
510.0 0.07 1.04
540.0 0.07 1.08
570.0 0.07 1.14
600.0 0.07 1.14
630.0 0.06 1.24
660.0 0.06 1.27
690.0 0.06 1.31
720.0 0.07 1.3
750.0 0.07 1.37
780.0 0.06 1.4
810.0 0.06 1.43
840.0 0.07 1.48
870.0 0.06 1.51
900.0 0.06 1.55
930.0 0.06 1.6
960.0 0.07 1.66
990.0 0.07 1.64
1020.0 0.06 1.7
1050.0 0.06 1.7
1080.0 0.07 1.76
1110.0 0.06 1.81
1140.0 0.06 1.82
1170.0 0.06 1.82
1200.0 0.07 1.93
1230.0 0.07 1.88
1260.0 0.06 1.93
1290.0 0.06 1.99
1320.0 0.06 2.05
1350.0 0.06 2.11
1380.0 0.06 2.12
1410.0 0.07 2.18
1440.0 0.06 2.18
1470.0 0.06 2.27
1500.0 0.06 2.24
1530.0 0.06 2.29
1560.0 0.06 2.39
1590.0 0.06 2.35
1620.0 0.06 2.36
1650.0 0.06 2.47
1680.0 0.06 2.49
1710.0 0.06 2.49
1740.0 0.06 2.58
1770.0 0.06 2.58
1800.0 0.06 2.59
1830.0 0.06 2.64
1860.0 0.06 2.61
1890.0 0.05 2.71
1920.0 0.06 2.7
1950.0 0.05 2.77
1980.0 0.05 2.82
2010.0 0.05 2.91
2040.0 0.05 2.86
2070.0 0.05 2.94
2100.0 0.05 2.95
2130.0 0.05 2.98
2160.0 0.05 3.0
2190.0 0.05 3.09
2220.0 0.04 3.13
2250.0 0.04 3.12
2280.0 0.04 3.19
2310.0 0.04 3.18
2340.0 0.04 3.19
2370.0 0.03 3.21
2400.0 0.03 3.31
2430.0 0.03 3.31
2460.0 0.03 3.3
2490.0 0.03 3.39
2520.0 0.03 3.4
2550.0 0.02 3.42
2580.0 0.02 3.49
2610.0 0.02 3.57
2640.0 0.02 3.54
2670.0 0.02 3.61
2700.0 0.02 3.61
2730.0 0.01 3.64
2760.0 0.01 3.64
2790.0 0.01 3.69
2820.0 0.01 3.69
2850.0 0.01 3.78
2880.0 0.0 3.81
2910.0 0.0 3.87
2940.0 0.0 3.89
2970.0 0.0 3.9
3000.0 0.0 3.92
3030.0 0.0 3.96
3060.0 0.0 3.98
3090.0 0.0 4.02
3120.0 0.0 4.07
3150.0 -0.01 4.11
3180.0 -0.01 4.14
3210.0 -0.01 4.19
3240.0 -0.01 4.2
3270.0 -0.01 4.23
3300.0 -0.01 4.23
3330.0 -0.01 4.29
3360.0 -0.01 4.29
3390.0 -0.02 4.31
3420.0 -0.02 4.4
3450.0 -0.02 4.43
3480.0 -0.02 4.46
3510.0 -0.02 4.5
3540.0 -0.02 4.47
3570.0 -0.02 4.53
3600.0 -0.03 4.61
3630.0 -0.03 4.58
3660.0 -0.03 4.67
3690.0 -0.03 4.65
3720.0 -0.03 4.73
3750.0 -0.04 4.68
3780.0 -0.03 4.76
3810.0 -0.04 4.7
3840.0 -0.04 4.82
3870.0 -0.04 4.76
3900.0 -0.04 4.91
3930.0 -0.05 4.94
3960.0 -0.06 4.9
3990.0 -0.06 4.97
4020.0 -0.05 5.03
4050.0 -0.06 5.05
4080.0 -0.07 5.18
4110.0 -0.07 5.11
4140.0 -0.07 5.12
4170.0 -0.08 5.11
4200.0 -0.09 5.12
4230.0 -0.09 5.2
4260.0 -0.09 5.18
4290.0 -0.1 5.26
4320.0 -0.1 5.35
4350.0 -0.11 5.32
4380.0 -0.11 5.35
4410.0 -0.12 5.29
4440.0 -0.12 5.42
4470.0 -0.13 5.39
4500.0 -0.14 5.48
4530.0 -0.15 5.53
4560.0 -0.15 5.51
4590.0 -0.16 5.59
4620.0 -0.17 5.65
4650.0 -0.18 5.62
4680.0 -0.19 5.63
4710.0 -0.2 5.75
4740.0 -0.21 5.72
4770.0 -0.21 5.75
4800.0 -0.22 5.75
4830.0 -0.23 5.8
4860.0 -0.24 5.86
4890.0 -0.25 5.86
4920.0 -0.26 5.87
4950.0 -0.27 5.93
4980.0 -0.28 5.95
5010.0 -0.29 5.92
5040.0 -0.3 6.01
5070.0 -0.3 5.98
5100.0 -0.31 6.07
5130.0 -0.31 6.05
5160.0 -0.32 6.19
5190.0 -0.33 6.1
5220.0 -0.33 6.21
5250.0 -0.34 6.3
5280.0 -0.34 6.22
5310.0 -0.35 6.24
5340.0 -0.35 6.28
5370.0 -0.35 6.3
5400.0 -0.35 6.33
5430.0 -0.35 6.37
5460.0 -0.36 6.31
5490.0 -0.36 6.45
5520.0 -0.37 6.45
5550.0 -0.37 6.46
5580.0 -0.37 6.49
5610.0 -0.37 6.48
5640.0 -0.37 6.58
5670.0 -0.36 6.61
5700.0 -0.37 6.48
5730.0 -0.37 6.61
5760.0 -0.37 6.75
5790.0 -0.37 6.7
5820.0 -0.37 6.69
5850.0 -0.37 6.82
5880.0 -0.36 6.78
5910.0 -0.36 6.87
5940.0 -0.36 6.85
5970.0 -0.36 6.85
6000.0 -0.36 6.81
6030.0 -0.36 6.9
6060.0 -0.36 6.94
6090.0 -0.36 6.99
6120.0 -0.35 7.08
6150.0 -0.35 7.08
6180.0 -0.36 7.03
6210.0 -0.35 7.15
6240.0 -0.35 7.09
6270.0 -0.35 7.09
6300.0 -0.35 7.14
6330.0 -0.35 7.17
6360.0 -0.36 7.29
6390.0 -0.36 7.24
6420.0 -0.36 7.26
6450.0 -0.36 7.37
6480.0 -0.36 7.32
6510.0 -0.36 7.3
6540.0 -0.36 7.35
6570.0 -0.37 7.44
6600.0 -0.37 7.47
6630.0 -0.37 7.41
6660.0 -0.37 7.46
6690.0 -0.38 7.49
6720.0 -0.38 7.55
6750.0 -0.39 7.49
6780.0 -0.39 7.58
6810.0 -0.4 7.58
6840.0 -0.4 7.61
6870.0 -0.41 7.67
6900.0 -0.41 7.53
6930.0 -0.42 7.71
6960.0 -0.43 7.73
6990.0 -0.44 7.74
7020.0 -0.44 7.8
7050.0 -0.45 7.79
7080.0 -0.46 7.85
7110.0 -0.47 7.83
7140.0 -0.48 7.86
7170.0 -0.49 7.91
7200.0 -0.5 7.86
7230.0 -0.51 7.98
7260.0 -0.52 8.0
7290.0 -0.53 8.0
7320.0 -0.55 8.04
7350.0 -0.56 8.01
7380.0 -0.57 8.09
7410.0 -0.59 8.15
7440.0 -0.61 8.13
7470.0 -0.62 8.13
7500.0 -0.64 8.22
7530.0 -0.66 8.21
7560.0 -0.68 8.22
7590.0 -0.7 8.25
7620.0 -0.71 8.28
7650.0 -0.73 8.36
7680.0 -0.76 8.33
7710.0 -0.77 8.36
7740.0 -0.79 8.36
7770.0 -0.82 8.39
7800.0 -0.83 8.49
7830.0 -0.86 8.45
7860.0 -0.88 8.45
7890.0 -0.9 8.51
7920.0 -0.91 8.49
7950.0 -0.93 8.57
7980.0 -0.94 8.6
8010.0 -0.96 8.59
8040.0 -0.97 8.63
8070.0 -0.98 8.65
8100.0 -1.0 8.66
8130.0 -1.01 8.71
8160.0 -1.02 8.72
8190.0 -1.03 8.74
8220.0 -1.04 8.77
8250.0 -1.05 8.84
8280.0 -1.05 8.83
8310.0 -1.06 8.84
8340.0 -1.06 8.86
8370.0 -1.06 8.92
8400.0 -1.06 8.89
8430.0 -1.06 8.92
8460.0 -1.06 8.92
8490.0 -1.07 9.02
8520.0 -1.06 8.96
8550.0 -1.06 8.98
8580.0 -1.06 9.05
8610.0 -1.05 9.1
8640.0 -1.05 9.1
8670.0 -1.04 9.11
8700.0 -1.04 9.13
8730.0 -1.03 9.16
8760.0 -1.03 9.17
8790.0 -1.02 9.2
8820.0 -1.01 9.25
8850.0 -1.01 9.31
8880.0 -1.0 9.26
8910.0 -0.99 9.29
8940.0 -0.98 9.32
8970.0 -0.97 9.34
9000.0 -0.96 9.43
9030.0 -0.96 9.4
9060.0 -0.95 9.43
9090.0 -0.94 9.44
9120.0 -0.93 9.46
9150.0 -0.93 9.44
9180.0 -0.92 9.5
9210.0 -0.91 9.5
9240.0 -0.91 9.5
9270.0 -0.9 9.56
9300.0 -0.89 9.61
9330.0 -0.89 9.61
9360.0 -0.88 9.67
9390.0 -0.88 9.64
9420.0 -0.87 9.68
9450.0 -0.86 9.78
9480.0 -0.86 9.73
9510.0 -0.85 9.82
9540.0 -0.85 9.78
9570.0 -0.84 9.82
9600.0 -0.84 9.81
9630.0 -0.84 9.85
9660.0 -0.84 9.84
9690.0 -0.83 9.97
9720.0 -0.83 9.91
9750.0 -0.83 9.9
9780.0 -0.83 9.99
9810.0 -0.83 10.02
9840.0 -0.83 10.03
9870.0 -0.83 10.05
9900.0 -0.83 10.11
9930.0 -0.84 10.05
9960.0 -0.83 10.11
9990.0 -0.84 10.11
10020.0 -0.85 10.12
10050.0 -0.85 10.11
10080.0 -0.85 10.17
10110.0 -0.86 10.2
10140.0 -0.86 10.23
10170.0 -0.87 10.23
10200.0 -0.88 10.18
10230.0 -0.89 10.29
10260.0 -0.9 10.29
10290.0 -0.91 10.3
10320.0 -0.91 10.35
10350.0 -0.93 10.24
10380.0 -0.94 10.41
10410.0 -0.95 10.42
10440.0 -0.96 10.38
10470.0 -0.97 10.44
10500.0 -0.99 10.45
10530.0 -1.01 10.47
10560.0 -1.02 10.44
10590.0 -1.04 10.54
10620.0 -1.05 10.53
10650.0 -1.07 10.59
10680.0 -1.1 10.6
10710.0 -1.11 10.6
10740.0 -1.13 10.66
10770.0 -1.15 10.68
10800.0 -1.18 10.68
10830.0 -1.2 10.72
10860.0 -1.23 10.77
10890.0 -1.25 10.69
10920.0 -1.28 10.74
10950.0 -1.3 10.63
10980.0 -1.33 10.78
11010.0 -1.36 10.81
11040.0 -1.38 10.72
11070.0 -1.41 10.87
11100.0 -1.44 10.78
11130.0 -1.47 10.92
11160.0 -1.5 10.9
11190.0 -1.53 10.96
11220.0 -1.56 10.93
11250.0 -1.6 10.93
11280.0 -1.63 10.96
11310.0 -1.66 11.01
11340.0 -1.69 11.04
11370.0 -1.72 11.06
11400.0 -1.76 11.18
11430.0 -1.79 11.1
11460.0 -1.81 11.21
11490.0 -1.84 11.1
11520.0 -1.87 11.18
11550.0 -1.9 11.16
11580.0 -1.92 11.19
11610.0 -1.95 11.19
11640.0 -1.97 11.21
11670.0 -1.99 11.3
11700.0 -2.01 11.21
11730.0 -2.02 11.28
11760.0 -2.04 11.3
11790.0 -2.06 11.3
11820.0 -2.07 11.27
11850.0 -2.09 11.37
11880.0 -2.1 11.39
11910.0 -2.1 11.37
11940.0 -2.11 11.49
11970.0 -2.12 11.49
12000.0 -2.12 11.49
12030.0 -2.13 11.49
12060.0 -2.13 11.45
12090.0 -2.13 11.52
12120.0 -2.13 11.58
12150.0 -2.12 11.58
12180.0 -2.12 11.58
12210.0 -2.11 11.61
12240.0 -2.11 11.7
12270.0 -2.1 11.64
12300.0 -2.09 11.73
12330.0 -2.08 11.69
12360.0 -2.07 11.66
12390.0 -2.06 11.76
12420.0 -2.05 11.73
12450.0 -2.03 11.75
12480.0 -2.02 11.76
12510.0 -2.0 11.81
12540.0 -1.99 11.93
12570.0 -1.97 11.85
12600.0 -1.95 11.82
12630.0 -1.94 11.85
12660.0 -1.92 11.9
12690.0 -1.9 11.93
12720.0 -1.88 11.93
12750.0 -1.86 11.87
12780.0 -1.85 11.94
12810.0 -1.83 12.02
12840.0 -1.82 12.0
12870.0 -1.8 12.03
12900.0 -1.78 12.15
12930.0 -1.77 12.06
12960.0 -1.74 12.11
12990.0 -1.73 12.06
13020.0 -1.71 12.09
13050.0 -1.69 12.2
13080.0 -1.68 12.17
13110.0 -1.66 12.2
13140.0 -1.64 12.28
13170.0 -1.62 12.21
13200.0 -1.61 12.12
13230.0 -1.6 12.26
13260.0 -1.58 12.31
13290.0 -1.57 12.32
13320.0 -1.56 12.26
13350.0 -1.54 12.28
13380.0 -1.53 12.38
13410.0 -1.52 12.29
13440.0 -1.51 12.34
13470.0 -1.5 12.38
13500.0 -1.48 12.35
13530.0 -1.47 12.4
13560.0 -1.46 12.44
13590.0 -1.46 12.47
13620.0 -1.45 12.5
13650.0 -1.44 12.5
13680.0 -1.44 12.52
13710.0 -1.43 12.61
13740.0 -1.43 12.56
13770.0 -1.42 12.58
13800.0 -1.41 12.58
13830.0 -1.41 12.61
13860.0 -1.41 12.61
13890.0 -1.41 12.65
13920.0 -1.41 12.62
13950.0 -1.41 12.62
13980.0 -1.41 12.71
14010.0 -1.41 12.74
14040.0 -1.41 12.65
14070.0 -1.42 12.74
14100.0 -1.42 12.76
14130.0 -1.42 12.79
14160.0 -1.43 12.8
14190.0 -1.44 12.85
14220.0 -1.44 12.82
14250.0 -1.45 12.89
14280.0 -1.46 12.85
14310.0 -1.46 12.89
14340.0 -1.48 12.92
14370.0 -1.48 12.91
14400.0 -1.5 12.83
14430.0 -1.51 12.95
14460.0 -1.52 12.97
14490.0 -1.54 13.0
14520.0 -1.56 12.98
14550.0 -1.57 13.0
14580.0 -1.59 13.04
14610.0 -1.6 13.03
14640.0 -1.62 13.06
14670.0 -1.64 13.09
14700.0 -1.66 13.06
14730.0 -1.68 13.1
14760.0 -1.7 13.12
14790.0 -1.72 13.19
14820.0 -1.75 13.19
14850.0 -1.77 13.21
14880.0 -1.8 13.19
14910.0 -1.82 13.12
14940.0 -1.85 13.22
14970.0 -1.87 13.25
15000.0 -1.9 13.19
15030.0 -1.93 13.3
15060.0 -1.96 13.3
15090.0 -1.99 13.31
15120.0 -2.02 13.34
15150.0 -2.05 13.33
15180.0 -2.09 13.37
15210.0 -2.12 13.43
15240.0 -2.16 13.33
15270.0 -2.19 13.42
15300.0 -2.23 13.39
15330.0 -2.26 13.45
15360.0 -2.3 13.48
15390.0 -2.34 13.48
15420.0 -2.38 13.47
15450.0 -2.42 13.5
15480.0 -2.46 13.5
15510.0 -2.5 13.59
15540.0 -2.54 13.54
15570.0 -2.58 13.56
15600.0 -2.62 13.51
15630.0 -2.66 13.62
15660.0 -2.71 13.63
15690.0 -2.74 13.57
15720.0 -2.79 13.68
15750.0 -2.83 13.75
15780.0 -2.87 13.69
15810.0 -2.91 13.72
15840.0 -2.95 13.72
15870.0 -2.99 13.74
15900.0 -3.03 13.78
15930.0 -3.07 13.74
15960.0 -3.11 13.77
15990.0 -3.14 13.8
16020.0 -3.17 13.83
16050.0 -3.21 13.81
16080.0 -3.24 13.87
16110.0 -3.27 13.87
16140.0 -3.3 13.8
16170.0 -3.33 13.9
16200.0 -3.36 13.86
16230.0 -3.38 13.92
16260.0 -3.41 13.96
16290.0 -3.43 13.9
16320.0 -3.45 13.98
16350.0 -3.47 14.01
16380.0 -3.49 13.99
16410.0 -3.51 13.96
16440.0 -3.52 14.05
16470.0 -3.53 14.07
16500.0 -3.54 14.07
16530.0 -3.55 14.02
16560.0 -3.57 14.1
16590.0 -3.57 14.14
16620.0 -3.57 14.11
16650.0 -3.58 14.13
16680.0 -3.58 14.17
16710.0 -3.57 14.25
16740.0 -3.58 14.16
16770.0 -3.58 14.17
16800.0 -3.57 14.16
16830.0 -3.56 14.2
16860.0 -3.56 14.25
16890.0 -3.55 14.2
16920.0 -3.54 14.31
16950.0 -3.52 14.25
16980.0 -3.51 14.34
17010.0 -3.49 14.34
17040.0 -3.48 14.29
17070.0 -3.46 14.38
17100.0 -3.45 14.35
17130.0 -3.43 14.38
17160.0 -3.41 14.44
17190.0 -3.38 14.55
17220.0 -3.37 14.43
17250.0 -3.34 14.43
17280.0 -3.32 14.46
17310.0 -3.3 14.47
17340.0 -3.27 14.49
17370.0 -3.25 14.52
17400.0 -3.22 14.52
17430.0 -3.2 14.56
17460.0 -3.18 14.55
17490.0 -3.15 14.52
17520.0 -3.12 14.56
17550.0 -3.1 14.56
17580.0 -3.07 14.59
17610.0 -3.05 14.61
17640.0 -3.02 14.62
17670.0 -2.99 14.65
17700.0 -2.96 14.67
17730.0 -2.94 14.69
17760.0 -2.9 14.7
17790.0 -2.88 14.65
17820.0 -2.85 14.72
17850.0 -2.83 14.69
17880.0 -2.8 14.75
17910.0 -2.78 14.78
17940.0 -2.75 14.78
17970.0 -2.73 14.78
18000.0 -2.7 14.75
18030.0 -2.68 14.82
18060.0 -2.66 14.85
18090.0 -2.63 14.88
18120.0 -2.61 14.85
18150.0 -2.58 14.87
18180.0 -2.56 14.9
18210.0 -2.54 14.91
18240.0 -2.52 15.09
18270.0 -2.49 14.94
18300.0 -2.48 14.93
18330.0 -2.45 14.93
18360.0 -2.44 14.99
18390.0 -2.41 15.0
18420.0 -2.4 15.0
18450.0 -2.38 14.99
18480.0 -2.36 15.05
18510.0 -2.35 15.05
18540.0 -2.33 15.0
18570.0 -2.31 15.08
18600.0 -2.29 15.09
18630.0 -2.29 15.09
18660.0 -2.27 15.14
18690.0 -2.27 15.11
18720.0 -2.25 15.15
18750.0 -2.25 15.18
18780.0 -2.23 15.15
18810.0 -2.22 15.21
18840.0 -2.21 15.26
18870.0 -2.21 15.21
18900.0 -2.2 15.21
18930.0 -2.19 15.23
18960.0 -2.19 15.27
18990.0 -2.18 15.27
19020.0 -2.18 15.3
19050.0 -2.18 15.24
19080.0 -2.17 15.29
19110.0 -2.17 15.35
19140.0 -2.17 15.44
19170.0 -2.17 15.38
19200.0 -2.17 15.38
19230.0 -2.17 15.36
19260.0 -2.17 15.38
19290.0 -2.18 15.38
19320.0 -2.18 15.42
19350.0 -2.18 15.44
19380.0 -2.18 15.44
19410.0 -2.19 15.47
19440.0 -2.2 15.45
19470.0 -2.2 15.5
19500.0 -2.21 15.5
19530.0 -2.22 15.5
19560.0 -2.23 15.5
19590.0 -2.24 15.53
19620.0 -2.25 15.56
19650.0 -2.26 15.57
19680.0 -2.27 15.6
19710.0 -2.28 15.59
19740.0 -2.3 15.6
19770.0 -2.31 15.59
19800.0 -2.33 15.62
19830.0 -2.34 15.6
19860.0 -2.36 15.65
19890.0 -2.38 15.63
19920.0 -2.4 15.69
19950.0 -2.42 15.74
19980.0 -2.44 15.68
20010.0 -2.46 15.71
20040.0 -2.48 15.74
20070.0 -2.5 15.78
20100.0 -2.53 15.72
20130.0 -2.55 15.8
20160.0 -2.58 15.77
20190.0 -2.6 15.78
20220.0 -2.62 15.83
20250.0 -2.66 15.78
20280.0 -2.68 15.81
20310.0 -2.71 15.83
20340.0 -2.74 15.8
20370.0 -2.77 15.89
20400.0 -2.8 15.86
20430.0 -2.83 15.89
20460.0 -2.86 15.91
20490.0 -2.89 15.89
20520.0 -2.93 15.94
20550.0 -2.97 15.94
20580.0 -3.0 15.86
20610.0 -3.03 15.98
20640.0 -3.07 16.1
20670.0 -3.11 16.01
20700.0 -3.15 16.0
20730.0 -3.18 16.07
20760.0 -3.22 16.03
20790.0 -3.26 16.09
20820.0 -3.3 16.07
20850.0 -3.35 16.06
20880.0 -3.38 16.19
20910.0 -3.43 16.07
20940.0 -3.47 16.09
20970.0 -3.52 16.15
21000.0 -3.56 16.16
21030.0 -3.61 16.12
21060.0 -3.64 16.16
21090.0 -3.69 16.09
21120.0 -3.74 16.19
21150.0 -3.78 16.19
21180.0 -3.83 16.18
21210.0 -3.88 16.22
21240.0 -3.92 16.19
21270.0 -3.98 16.24
21300.0 -4.02 16.24
21330.0 -4.06 16.36
21360.0 -4.1 16.28
21390.0 -4.15 16.4
21420.0 -4.2 16.3
21450.0 -4.25 16.33
21480.0 -4.29 16.42
21510.0 -4.34 16.33
21540.0 -4.39 16.27
21570.0 -4.43 16.36
21600.0 -4.48 16.36
21630.0 -4.52 16.33
21660.0 -4.56 16.45
21690.0 -4.6 16.42
21720.0 -4.64 16.42
21750.0 -4.69 16.43
21780.0 -4.73 16.45
21810.0 -4.77 16.45
21840.0 -4.81 16.52
21870.0 -4.85 16.48
21900.0 -4.89 16.51
21930.0 -4.93 16.57
21960.0 -4.96 16.48
21990.0 -5.0 16.6
22020.0 -5.03 16.54
22050.0 -5.06 16.55
22080.0 -5.1 16.57
22110.0 -5.12 16.57
22140.0 -5.16 16.51
22170.0 -5.18 16.6
22200.0 -5.22 16.63
22230.0 -5.24 16.63
22260.0 -5.27 16.67
22290.0 -5.29 16.64
22320.0 -5.32 16.67
22350.0 -5.33 16.67
22380.0 -5.36 16.72
22410.0 -5.38 16.72
22440.0 -5.39 16.72
22470.0 -5.41 16.7
22500.0 -5.43 16.67
22530.0 -5.44 16.76
22560.0 -5.45 16.75
22590.0 -5.47 16.87
22620.0 -5.47 16.75
22650.0 -5.49 16.79
22680.0 -5.49 16.81
22710.0 -5.5 16.79
22740.0 -5.5 16.73
22770.0 -5.5 16.82
22800.0 -5.51 16.82
22830.0 -5.51 16.81
22860.0 -5.51 16.87
22890.0 -5.51 16.84
22920.0 -5.5 16.88
22950.0 -5.5 16.9
22980.0 -5.49 16.9
23010.0 -5.49 16.94
23040.0 -5.48 16.97
23070.0 -5.47 16.91
23100.0 -5.46 16.99
23130.0 -5.45 17.05
23160.0 -5.44 16.94
23190.0 -5.43 17.0
23220.0 -5.41 17.02
23250.0 -5.4 17.02
23280.0 -5.38 17.0
23310.0 -5.37 17.02
23340.0 -5.35 17.0
23370.0 -5.33 17.05
23400.0 -5.31 17.08
23430.0 -5.3 16.99
23460.0 -5.27 17.11
23490.0 -5.25 17.08
23520.0 -5.23 17.08
23550.0 -5.21 17.13
23580.0 -5.19 17.13
23610.0 -5.16 17.16
23640.0 -5.14 17.17
23670.0 -5.12 17.16
23700.0 -5.09 17.17
23730.0 -5.07 17.09
23760.0 -5.04 17.2
23790.0 -5.01 17.16
23820.0 -4.99 17.23
23850.0 -4.96 17.28
23880.0 -4.94 17.22
23910.0 -4.91 17.23
23940.0 -4.88 17.2
23970.0 -4.85 17.26
24000.0 -4.83 17.37
24030.0 -4.8 17.25
24060.0 -4.77 17.29
24090.0 -4.75 17.35
24120.0 -4.72 17.32
24150.0 -4.69 17.28
24180.0 -4.66 17.37
24210.0 -4.63 17.34
24240.0 -4.61 17.37
24270.0 -4.58 17.37
24300.0 -4.55 17.4
24330.0 -4.53 17.53
24360.0 -4.5 17.41
24390.0 -4.47 17.47
24420.0 -4.44 17.43
24450.0 -4.42 17.43
24480.0 -4.39 17.43
24510.0 -4.36 17.44
24540.0 -4.34 17.46
24570.0 -4.31 17.47
24600.0 -4.29 17.46
24630.0 -4.26 17.47
24660.0 -4.24 17.49
24690.0 -4.21 17.49
24720.0 -4.19 17.52
24750.0 -4.16 17.53
24780.0 -4.14 17.46
24810.0 -4.12 17.56
24840.0 -4.1 17.58
24870.0 -4.08 17.58
24900.0 -4.06 17.62
24930.0 -4.04 17.73
24960.0 -4.02 17.59
24990.0 -3.99 17.59
25020.0 -3.97 17.61
25050.0 -3.95 17.61
25080.0 -3.93 17.59
25110.0 -3.91 17.65
25140.0 -3.89 17.67
25170.0 -3.88 17.68
25200.0 -3.86 17.71
25230.0 -3.84 17.65
25260.0 -3.83 17.71
25290.0 -3.82 17.77
25320.0 -3.8 17.73
25350.0 -3.78 17.7
25380.0 -3.77 17.73
25410.0 -3.76 17.73
25440.0 -3.75 17.83
25470.0 -3.73 17.76
25500.0 -3.72 17.74
25530.0 -3.71 17.88
25560.0 -3.7 17.8
25590.0 -3.69 17.8
25620.0 -3.68 17.85
25650.0 -3.68 17.85
25680.0 -3.69 17.7
25710.0 -3.84 17.85
25740.0 -4.22 17.89
25770.0 -4.9 17.86
25800.0 -5.92 17.83
25830.0 -7.28 17.85
25860.0 -8.98 17.91
25890.0 -9.89 17.94
25920.0 -9.89 17.92
25950.0 -9.89 17.95
25980.0 -9.89 18.06
26010.0 -9.89 17.91
26040.0 -9.89 18.0
26070.0 -9.89 17.94
26100.0 -9.89 17.94
26130.0 -9.89 17.97
26160.0 -9.89 17.98
26190.0 -9.89 17.95
26220.0 -9.89 17.98
26250.0 -9.89 18.07
26280.0 -9.89 18.0
26310.0 -9.89 18.07
26340.0 -9.89 18.06
26370.0 -9.89 18.03
26400.0 -9.89 18.06
26430.0 -9.89 18.07
26460.0 -9.89 18.06
26490.0 -9.89 18.12
26520.0 -9.89 18.06
26550.0 -9.89 18.12
26580.0 -9.89 18.19
26610.0 -9.89 18.12
26640.0 -9.89 18.09
26670.0 -9.89 18.12
26700.0 -9.89 18.1
26730.0 -9.89 18.12
26760.0 -9.89 18.12
26790.0 -9.89 18.19
26820.0 -9.89 18.19
26850.0 -9.89 18.21
26880.0 -9.89 17.98
26910.0 -9.89 18.16
26940.0 -9.89 18.21
26970.0 -9.89 18.21
27000.0 -9.89 18.19
27030.0 -9.89 18.16
27060.0 -9.89 18.22
27090.0 -9.89 18.22
27120.0 -9.89 18.24
27150.0 -9.89 18.22
27180.0 -9.89 18.41
27210.0 -9.89 18.24
27240.0 -9.89 18.24
27270.0 -9.89 18.25
27300.0 -9.89 18.25
27330.0 -9.89 18.31
27360.0 -9.89 18.31
27390.0 -9.89 18.28
27420.0 -9.89 18.31
27450.0 -9.89 18.35
27480.0 -9.89 18.35
27510.0 -9.89 18.33
27540.0 -9.89 18.35
27570.0 -9.89 18.36
27600.0 -9.89 17.34
