0.0 0.01 -0.03
60.0 0.02 0.48
120.0 0.01 0.68
180.0 0.01 0.59
240.0 0.02 0.35
300.0 0.01 0.65
360.0 0.01 0.95
420.0 0.01 0.83
480.0 0.01 0.98
540.0 0.01 1.22
600.0 0.01 0.86
660.0 0.02 1.24
720.0 0.02 1.43
780.0 0.01 1.37
840.0 0.01 1.22
900.0 0.01 1.27
960.0 0.01 1.64
1020.0 0.01 1.78
1080.0 0.01 1.58
1140.0 0.01 1.97
1200.0 0.01 1.88
1260.0 0.01 1.91
1320.0 0.01 2.02
1380.0 0.01 2.15
1440.0 0.01 2.46
1500.0 0.02 2.5
1560.0 0.01 2.15
1620.0 0.02 2.47
1680.0 0.01 2.65
1740.0 0.0 2.86
1800.0 0.01 2.86
1860.0 0.01 2.47
1920.0 0.0 3.01
1980.0 0.01 2.79
2040.0 0.0 2.71
2100.0 0.0 2.94
2160.0 0.0 2.89
2220.0 0.0 3.16
2280.0 0.0 3.24
2340.0 0.0 2.98
2400.0 -0.01 3.39
2460.0 0.0 3.33
2520.0 -0.01 3.57
2580.0 -0.02 3.52
2640.0 -0.02 3.57
2700.0 -0.02 3.6
2760.0 -0.02 3.57
2820.0 -0.03 3.72
2880.0 -0.03 3.8
2940.0 -0.03 4.34
3000.0 -0.04 3.95
3060.0 -0.04 3.77
3120.0 -0.04 4.11
3180.0 -0.04 4.14
3240.0 -0.04 4.02
3300.0 -0.04 4.38
3360.0 -0.04 4.22
3420.0 -0.05 4.32
3480.0 -0.05 4.73
3540.0 -0.05 4.62
3600.0 -0.05 4.35
3660.0 -0.06 4.5
3720.0 -0.06 4.77
3780.0 -0.06 4.53
3840.0 -0.07 4.77
3900.0 -0.07 4.43
3960.0 -0.08 4.88
4020.0 -0.08 5.03
4080.0 -0.09 5.24
4140.0 -0.1 5.06
4200.0 -0.1 5.14
4260.0 -0.11 5.41
4320.0 -0.12 5.27
4380.0 -0.13 5.32
4440.0 -0.13 5.35
4500.0 -0.14 5.47
4560.0 -0.16 5.27
4620.0 -0.18 5.66
4680.0 -0.19 5.74
4740.0 -0.2 5.9
4800.0 -0.23 5.95
4860.0 -0.24 5.74
4920.0 -0.26 5.92
4980.0 -0.27 5.95
5040.0 -0.28 6.07
5100.0 -0.3 5.8
5160.0 -0.31 5.96
5220.0 -0.31 6.34
5280.0 -0.32 6.08
5340.0 -0.33 6.37
5400.0 -0.33 6.05
5460.0 -0.33 6.54
5520.0 -0.34 6.43
5580.0 -0.33 6.49
5640.0 -0.33 6.79
5700.0 -0.33 6.37
5760.0 -0.33 6.39
5820.0 -0.33 6.91
5880.0 -0.32 6.69
5940.0 -0.32 6.81
6000.0 -0.32 6.96
6060.0 -0.32 7.06
6120.0 -0.32 7.12
6180.0 -0.31 6.97
6240.0 -0.31 7.12
6300.0 -0.31 7.05
6360.0 -0.31 7.08
6420.0 -0.31 7.34
6480.0 -0.31 7.35
6540.0 -0.32 7.37
6600.0 -0.32 7.41
6660.0 -0.32 7.8
6720.0 -0.33 7.61
6780.0 -0.34 7.46
6840.0 -0.35 7.77
6900.0 -0.36 7.79
6960.0 -0.37 7.24
7020.0 -0.39 7.86
7080.0 -0.4 7.94
7140.0 -0.42 7.97
7200.0 -0.44 8.06
7260.0 -0.46 7.89
7320.0 -0.48 7.98
7380.0 -0.51 7.92
7440.0 -0.54 8.15
7500.0 -0.57 8.1
7560.0 -0.6 8.1
7620.0 -0.64 8.46
7680.0 -0.67 8.48
7740.0 -0.71 8.54
7800.0 -0.75 8.36
7860.0 -0.78 8.9
7920.0 -0.81 8.6
7980.0 -0.84 8.48
8040.0 -0.86 8.36
8100.0 -0.88 8.74
8160.0 -0.9 8.78
8220.0 -0.91 8.77
8280.0 -0.91 8.9
8340.0 -0.92 8.78
8400.0 -0.92 8.75
8460.0 -0.92 8.52
8520.0 -0.92 8.9
8580.0 -0.91 9.05
8640.0 -0.9 8.9
8700.0 -0.89 8.83
8760.0 -0.88 9.37
8820.0 -0.86 9.38
8880.0 -0.85 9.52
8940.0 -0.83 9.22
9000.0 -0.81 9.52
9060.0 -0.79 9.87
9120.0 -0.78 9.52
9180.0 -0.77 9.84
9240.0 -0.75 9.64
9300.0 -0.74 9.34
9360.0 -0.72 9.81
9420.0 -0.71 9.88
9480.0 -0.7 10.02
9540.0 -0.69 9.93
9600.0 -0.69 10.08
9660.0 -0.68 9.53
9720.0 -0.68 9.96
9780.0 -0.68 9.94
9840.0 -0.68 10.14
9900.0 -0.68 9.84
9960.0 -0.69 9.58
10020.0 -0.69 10.18
10080.0 -0.7 10.2
10140.0 -0.71 10.23
10200.0 -0.72 10.23
10260.0 -0.74 10.72
10320.0 -0.76 10.41
10380.0 -0.78 10.44
10440.0 -0.8 10.38
10500.0 -0.83 10.77
10560.0 -0.86 10.32
10620.0 -0.89 10.53
10680.0 -0.92 10.62
10740.0 -0.96 10.74
10800.0 -1.01 10.77
10860.0 -1.05 10.74
10920.0 -1.1 10.75
10980.0 -1.14 10.93
11040.0 -1.19 10.74
11100.0 -1.25 10.66
11160.0 -1.3 11.25
11220.0 -1.36 10.87
11280.0 -1.41 10.98
11340.0 -1.46 10.96
11400.0 -1.51 11.07
11460.0 -1.56 11.16
11520.0 -1.61 11.18
11580.0 -1.64 11.43
11640.0 -1.68 11.28
11700.0 -1.72 11.21
11760.0 -1.74 11.34
11820.0 -1.76 11.64
11880.0 -1.78 11.52
11940.0 -1.79 11.67
12000.0 -1.79 11.48
12060.0 -1.78 11.54
12120.0 -1.78 11.67
12180.0 -1.77 11.55
12240.0 -1.75 11.57
12300.0 -1.74 11.9
12360.0 -1.71 12.15
12420.0 -1.69 12.0
12480.0 -1.66 11.84
12540.0 -1.63 11.97
12600.0 -1.6 11.94
12660.0 -1.57 11.82
12720.0 -1.54 11.9
12780.0 -1.51 11.94
12840.0 -1.47 12.02
12900.0 -1.44 11.72
12960.0 -1.4 12.18
13020.0 -1.37 12.35
13080.0 -1.35 12.12
13140.0 -1.32 12.29
13200.0 -1.29 11.99
13260.0 -1.26 12.26
13320.0 -1.24 12.31
13380.0 -1.22 12.58
13440.0 -1.2 12.44
13500.0 -1.18 12.67
13560.0 -1.16 12.4
13620.0 -1.15 12.59
13680.0 -1.14 12.41
13740.0 -1.13 12.55
13800.0 -1.13 12.74
13860.0 -1.13 12.73
13920.0 -1.13 12.98
13980.0 -1.13 12.65
14040.0 -1.13 12.88
14100.0 -1.14 12.89
14160.0 -1.15 12.86
14220.0 -1.16 12.83
14280.0 -1.18 12.86
14340.0 -1.2 12.92
14400.0 -1.22 12.91
14460.0 -1.24 13.39
14520.0 -1.28 13.07
14580.0 -1.31 13.12
14640.0 -1.33 12.92
14700.0 -1.37 13.25
14760.0 -1.41 13.42
14820.0 -1.46 13.28
14880.0 -1.5 13.06
14940.0 -1.55 13.19
15000.0 -1.6 13.54
15060.0 -1.66 13.39
15120.0 -1.71 13.45
15180.0 -1.78 13.48
15240.0 -1.84 13.59
15300.0 -1.9 13.33
15360.0 -1.97 13.43
15420.0 -2.05 13.74
15480.0 -2.11 13.63
15540.0 -2.18 13.57
15600.0 -2.26 13.84
15660.0 -2.32 14.2
15720.0 -2.4 13.71
15780.0 -2.46 13.87
15840.0 -2.53 13.89
15900.0 -2.59 13.95
15960.0 -2.65 13.86
16020.0 -2.71 13.86
16080.0 -2.75 13.83
16140.0 -2.8 13.81
16200.0 -2.84 13.98
16260.0 -2.88 14.19
16320.0 -2.9 14.13
16380.0 -2.93 14.2
16440.0 -2.95 14.1
16500.0 -2.97 13.78
16560.0 -2.97 14.17
16620.0 -2.97 14.16
16680.0 -2.97 13.98
16740.0 -2.96 14.43
16800.0 -2.95 14.26
16860.0 -2.92 14.28
16920.0 -2.9 14.4
16980.0 -2.87 14.44
17040.0 -2.84 14.41
17100.0 -2.81 14.7
17160.0 -2.77 14.35
17220.0 -2.73 14.58
17280.0 -2.7 14.34
17340.0 -2.65 14.61
17400.0 -2.6 14.58
17460.0 -2.56 15.0
17520.0 -2.52 14.9
17580.0 -2.46 14.85
17640.0 -2.42 14.7
17700.0 -2.37 14.59
17760.0 -2.33 14.93
17820.0 -2.28 14.78
17880.0 -2.24 14.62
17940.0 -2.19 14.72
18000.0 -2.15 15.14
18060.0 -2.11 14.96
18120.0 -2.07 15.09
18180.0 -2.03 14.93
18240.0 -2.0 14.85
18300.0 -1.96 14.97
18360.0 -1.93 15.21
18420.0 -1.9 15.3
18480.0 -1.87 14.97
18540.0 -1.85 15.2
18600.0 -1.82 15.12
18660.0 -1.81 15.12
18720.0 -1.78 15.24
18780.0 -1.77 15.17
18840.0 -1.76 15.33
18900.0 -1.75 15.17
18960.0 -1.74 15.2
19020.0 -1.73 15.23
19080.0 -1.73 15.29
19140.0 -1.73 15.3
19200.0 -1.74 15.6
19260.0 -1.74 15.54
19320.0 -1.74 15.42
19380.0 -1.75 15.47
19440.0 -1.77 15.53
19500.0 -1.79 15.39
19560.0 -1.81 16.03
19620.0 -1.82 15.71
19680.0 -1.84 15.62
19740.0 -1.87 15.56
19800.0 -1.9 15.83
19860.0 -1.93 15.6
19920.0 -1.97 15.72
19980.0 -2.01 15.87
20040.0 -2.05 15.71
20100.0 -2.1 15.84
20160.0 -2.14 15.71
20220.0 -2.19 15.81
20280.0 -2.24 16.07
20340.0 -2.29 15.75
20400.0 -2.35 15.91
20460.0 -2.42 15.83
20520.0 -2.48 16.04
20580.0 -2.55 15.86
20640.0 -2.61 16.12
20700.0 -2.68 16.09
20760.0 -2.75 16.12
20820.0 -2.83 15.78
20880.0 -2.9 16.51
20940.0 -2.98 16.31
21000.0 -3.06 16.19
21060.0 -3.15 16.27
21120.0 -3.23 16.25
21180.0 -3.31 16.39
21240.0 -3.39 16.27
21300.0 -3.47 16.0
21360.0 -3.56 16.19
21420.0 -3.64 16.42
21480.0 -3.71 16.37
21540.0 -3.79 16.48
21600.0 -3.87 16.54
21660.0 -3.95 16.49
21720.0 -4.02 16.49
21780.0 -4.09 16.58
21840.0 -4.15 16.54
21900.0 -4.22 16.3
21960.0 -4.28 16.51
22020.0 -4.33 16.63
22080.0 -4.38 16.72
22140.0 -4.44 16.67
22200.0 -4.48 16.85
22260.0 -4.52 16.63
22320.0 -4.55 16.88
22380.0 -4.59 16.75
22440.0 -4.61 16.79
22500.0 -4.64 16.81
22560.0 -4.66 17.03
22620.0 -4.67 16.64
22680.0 -4.68 16.87
22740.0 -4.69 16.96
22800.0 -4.69 16.97
22860.0 -4.68 16.9
22920.0 -4.68 16.9
22980.0 -4.66 17.0
23040.0 -4.65 17.02
23100.0 -4.64 17.14
23160.0 -4.62 17.05
23220.0 -4.6 17.13
23280.0 -4.57 17.23
23340.0 -4.55 17.28
23400.0 -4.52 17.25
23460.0 -4.49 17.11
23520.0 -4.47 17.13
23580.0 -4.51 17.08
23640.0 -4.69 17.22
23700.0 -5.09 16.88
23760.0 -5.76 17.38
23820.0 -6.77 17.61
23880.0 -8.12 17.44
23940.0 -9.83 17.26
24000.0 -9.89 17.28
24060.0 -9.89 17.09
24120.0 -9.89 17.43
24180.0 -9.89 17.35
24240.0 -9.89 17.43
24300.0 -9.89 17.23
24360.0 -9.89 17.58
24420.0 -9.89 17.26
24480.0 -9.89 17.71
24540.0 -9.89 17.71
24600.0 -9.89 17.52
24660.0 -9.89 17.52
24720.0 -9.89 13.47
24780.0 -9.89 10.32
