Time	Analog in 1	Analog in 2
t/ms	U/V	U/V

0.0	0.06	0.39
30.0	0.06	0.5
60.0	0.06	0.53
90.0	0.06	0.65
120.0	0.06	0.59
150.0	0.06	0.68
180.0	0.06	0.69
210.0	0.06	0.74
240.0	0.06	0.77
270.0	0.06	0.83
300.0	0.06	0.89
330.0	0.05	0.87
360.0	0.06	0.92
390.0	0.06	0.98
420.0	0.06	0.99
450.0	0.05	0.95
480.0	0.06	1.08
510.0	0.05	1.11
540.0	0.06	1.19
570.0	0.06	1.14
600.0	0.06	1.2
630.0	0.06	1.25
660.0	0.06	1.22
690.0	0.06	1.22
720.0	0.06	1.33
750.0	0.06	1.42
780.0	0.06	1.45
810.0	0.06	1.45
840.0	0.06	1.51
870.0	0.06	1.54
900.0	0.06	1.58
930.0	0.06	1.58
960.0	0.06	1.66
990.0	0.06	1.85
1020.0	0.06	1.75
1050.0	0.06	1.78
1080.0	0.06	1.82
1110.0	0.05	1.81
1140.0	0.06	2.03
1170.0	0.05	1.91
1200.0	0.05	1.88
1230.0	0.05	2.0
1260.0	0.05	2.0
1290.0	0.06	2.15
1320.0	0.05	2.06
1350.0	0.06	2.23
1380.0	0.05	2.15
1410.0	0.06	2.18
1440.0	0.05	2.12
1470.0	0.06	2.27
1500.0	0.05	2.38
1530.0	0.05	2.3
1560.0	0.05	2.38
1590.0	0.05	2.36
1620.0	0.05	2.44
1650.0	0.05	2.47
1680.0	0.05	2.55
1710.0	0.05	2.53
1740.0	0.05	2.7
1770.0	0.05	2.59
1800.0	0.05	2.61
1830.0	0.04	2.77
1860.0	0.05	2.73
1890.0	0.05	2.71
1920.0	0.04	2.76
1950.0	0.04	2.83
1980.0	0.04	2.88
2010.0	0.04	2.88
2040.0	0.03	2.88
2070.0	0.04	2.95
2100.0	0.04	3.03
2130.0	0.03	2.98
2160.0	0.03	3.04
2190.0	0.03	3.1
2220.0	0.03	3.13
2250.0	0.03	3.19
2280.0	0.03	3.1
2310.0	0.02	3.27
2340.0	0.02	3.28
2370.0	0.02	3.31
2400.0	0.02	3.27
2430.0	0.02	3.3
2460.0	0.01	3.39
2490.0	0.01	3.42
2520.0	0.01	3.45
2550.0	0.01	3.45
2580.0	0.01	3.57
2610.0	0.01	3.57
2640.0	0.0	3.58
2670.0	0.0	3.63
2700.0	0.0	3.64
2730.0	0.0	3.74
2760.0	0.0	3.72
2790.0	0.0	3.75
2820.0	-0.01	3.8
2850.0	-0.01	3.78
2880.0	-0.01	3.93
2910.0	-0.01	3.87
2940.0	-0.01	3.93
2970.0	-0.01	3.96
3000.0	-0.02	4.01
3030.0	-0.02	4.01
3060.0	-0.02	4.05
3090.0	-0.02	4.02
3120.0	-0.02	4.14
3150.0	-0.03	4.05
3180.0	-0.03	4.28
3210.0	-0.03	4.22
3240.0	-0.03	4.2
3270.0	-0.03	4.26
3300.0	-0.03	4.31
3330.0	-0.04	4.22
3360.0	-0.04	4.34
3390.0	-0.04	4.43
3420.0	-0.04	4.44
3450.0	-0.05	4.41
3480.0	-0.05	4.58
3510.0	-0.05	4.52
3540.0	-0.05	4.52
3570.0	-0.05	4.61
3600.0	-0.06	4.59
3630.0	-0.06	4.73
3660.0	-0.06	4.71
3690.0	-0.06	4.76
3720.0	-0.07	4.73
3750.0	-0.06	4.77
3780.0	-0.07	4.73
3810.0	-0.07	4.83
3840.0	-0.07	4.86
3870.0	-0.08	4.86
3900.0	-0.08	4.88
3930.0	-0.08	5.03
3960.0	-0.08	4.99
3990.0	-0.09	5.02
4020.0	-0.1	5.05
4050.0	-0.1	5.14
4080.0	-0.1	5.03
4110.0	-0.11	5.17
4140.0	-0.11	5.18
4170.0	-0.12	5.21
4200.0	-0.13	5.2
4230.0	-0.13	5.3
4260.0	-0.14	5.3
4290.0	-0.14	5.3
4320.0	-0.14	5.38
4350.0	-0.15	5.38
4380.0	-0.16	5.38
4410.0	-0.17	5.42
4440.0	-0.17	5.45
4470.0	-0.18	5.48
4500.0	-0.19	5.56
4530.0	-0.2	5.56
4560.0	-0.2	5.54
4590.0	-0.22	5.62
4620.0	-0.23	5.63
4650.0	-0.23	5.71
4680.0	-0.25	5.72
4710.0	-0.25	5.72
4740.0	-0.27	5.72
4770.0	-0.28	5.75
4800.0	-0.29	5.83
4830.0	-0.3	5.74
4860.0	-0.31	5.87
4890.0	-0.32	5.9
4920.0	-0.33	5.92
4950.0	-0.34	5.96
4980.0	-0.34	5.93
5010.0	-0.36	6.01
5040.0	-0.36	6.04
5070.0	-0.37	6.07
5100.0	-0.38	6.08
5130.0	-0.38	6.16
5160.0	-0.39	6.16
5190.0	-0.39	6.22
5220.0	-0.4	6.19
5250.0	-0.41	6.27
5280.0	-0.41	6.33
5310.0	-0.42	6.3
5340.0	-0.42	6.34
5370.0	-0.42	6.36
5400.0	-0.43	6.37
5430.0	-0.43	6.46
5460.0	-0.43	6.43
5490.0	-0.44	6.48
5520.0	-0.44	6.58
5550.0	-0.44	6.54
5580.0	-0.44	6.61
5610.0	-0.44	6.6
5640.0	-0.44	6.61
5670.0	-0.44	6.61
5700.0	-0.44	6.69
5730.0	-0.44	6.63
5760.0	-0.44	6.7
5790.0	-0.44	6.73
5820.0	-0.44	6.72
5850.0	-0.44	6.78
5880.0	-0.44	6.75
5910.0	-0.44	6.87
5940.0	-0.44	6.96
5970.0	-0.44	6.91
6000.0	-0.44	6.91
6030.0	-0.44	6.91
6060.0	-0.44	6.97
6090.0	-0.44	7.05
6120.0	-0.44	7.14
6150.0	-0.44	7.05
6180.0	-0.44	6.97
6210.0	-0.44	7.12
6240.0	-0.44	7.26
6270.0	-0.44	7.15
6300.0	-0.44	7.23
6330.0	-0.44	7.27
6360.0	-0.44	7.26
6390.0	-0.45	7.27
6420.0	-0.44	7.32
6450.0	-0.45	7.35
6480.0	-0.45	7.41
6510.0	-0.45	7.35
6540.0	-0.45	7.43
6570.0	-0.45	7.56
6600.0	-0.46	7.49
6630.0	-0.46	7.49
6660.0	-0.47	7.49
6690.0	-0.48	7.53
6720.0	-0.48	7.55
6750.0	-0.49	7.61
6780.0	-0.49	7.61
6810.0	-0.5	7.7
6840.0	-0.51	7.65
6870.0	-0.51	7.76
6900.0	-0.52	7.74
6930.0	-0.52	7.73
6960.0	-0.54	7.76
6990.0	-0.55	7.83
7020.0	-0.55	7.8
7050.0	-0.57	7.88
7080.0	-0.58	8.0
7110.0	-0.59	7.91
7140.0	-0.6	7.94
7170.0	-0.62	7.98
7200.0	-0.63	8.0
7230.0	-0.64	8.01
7260.0	-0.65	8.01
7290.0	-0.67	8.07
7320.0	-0.69	8.19
7350.0	-0.7	8.15
7380.0	-0.72	8.12
7410.0	-0.74	8.16
7440.0	-0.76	8.19
7470.0	-0.77	8.16
7500.0	-0.8	8.25
7530.0	-0.81	8.3
7560.0	-0.84	8.25
7590.0	-0.86	8.31
7620.0	-0.88	8.4
7650.0	-0.9	8.34
7680.0	-0.92	8.33
7710.0	-0.94	8.42
7740.0	-0.96	8.43
7770.0	-0.98	8.48
7800.0	-1.0	8.48
7830.0	-1.02	8.54
7860.0	-1.04	8.52
7890.0	-1.06	8.56
7920.0	-1.08	8.56
7950.0	-1.09	8.62
7980.0	-1.12	8.63
8010.0	-1.13	8.68
8040.0	-1.14	8.68
8070.0	-1.15	8.74
8100.0	-1.16	8.72
8130.0	-1.18	8.8
8160.0	-1.19	8.78
8190.0	-1.2	8.84
8220.0	-1.2	8.86
8250.0	-1.21	8.86
8280.0	-1.22	8.87
8310.0	-1.22	8.89
8340.0	-1.23	8.9
8370.0	-1.23	8.96
8400.0	-1.23	8.95
8430.0	-1.23	8.9
8460.0	-1.23	9.01
8490.0	-1.23	9.04
8520.0	-1.23	9.17
8550.0	-1.22	9.08
8580.0	-1.22	9.07
8610.0	-1.22	9.11
8640.0	-1.21	9.13
8670.0	-1.21	9.14
8700.0	-1.2	9.2
8730.0	-1.2	9.26
8760.0	-1.19	9.26
8790.0	-1.18	9.26
8820.0	-1.18	9.29
8850.0	-1.16	9.31
8880.0	-1.16	9.32
8910.0	-1.16	9.35
8940.0	-1.14	9.35
8970.0	-1.14	9.38
9000.0	-1.13	9.43
9030.0	-1.12	9.46
9060.0	-1.12	9.5
9090.0	-1.1	9.49
9120.0	-1.1	9.7
9150.0	-1.09	9.56
9180.0	-1.09	9.53
9210.0	-1.08	9.56
9240.0	-1.07	9.62
9270.0	-1.06	9.59
9300.0	-1.05	9.62
9330.0	-1.05	9.76
9360.0	-1.05	9.7
9390.0	-1.04	9.68
9420.0	-1.04	9.67
9450.0	-1.03	9.74
9480.0	-1.03	9.84
9510.0	-1.03	9.82
9540.0	-1.02	9.82
9570.0	-1.02	10.0
9600.0	-1.02	9.87
9630.0	-1.02	9.88
9660.0	-1.01	9.96
9690.0	-1.02	9.94
9720.0	-1.01	9.9
9750.0	-1.01	9.97
9780.0	-1.01	9.96
9810.0	-1.02	10.02
9840.0	-1.02	10.06
9870.0	-1.02	9.96
9900.0	-1.02	10.09
9930.0	-1.03	10.14
9960.0	-1.03	10.12
9990.0	-1.04	10.17
10020.0	-1.05	10.09
10050.0	-1.05	10.21
10080.0	-1.06	10.27
10110.0	-1.06	10.24
10140.0	-1.07	10.26
10170.0	-1.08	10.35
10200.0	-1.09	10.33
10230.0	-1.11	10.36
10260.0	-1.11	10.38
10290.0	-1.13	10.35
10320.0	-1.15	10.39
10350.0	-1.16	10.38
10380.0	-1.17	10.44
10410.0	-1.18	10.51
10440.0	-1.2	10.47
10470.0	-1.21	10.41
10500.0	-1.24	10.54
10530.0	-1.25	10.63
10560.0	-1.27	10.47
10590.0	-1.29	10.57
10620.0	-1.31	10.75
10650.0	-1.33	10.63
10680.0	-1.36	10.66
10710.0	-1.38	10.68
10740.0	-1.4	10.65
10770.0	-1.42	10.9
10800.0	-1.45	10.72
10830.0	-1.48	10.75
10860.0	-1.51	10.75
10890.0	-1.53	10.81
10920.0	-1.56	10.83
10950.0	-1.59	10.83
10980.0	-1.62	10.9
11010.0	-1.65	10.78
11040.0	-1.68	10.9
11070.0	-1.72	10.9
11100.0	-1.75	10.92
11130.0	-1.78	10.9
11160.0	-1.81	10.9
11190.0	-1.85	10.99
11220.0	-1.88	11.03
11250.0	-1.91	11.07
11280.0	-1.95	11.07
11310.0	-1.98	11.09
11340.0	-2.01	11.1
11370.0	-2.04	11.13
11400.0	-2.07	11.15
11430.0	-2.1	11.24
11460.0	-2.13	11.15
11490.0	-2.16	11.21
11520.0	-2.19	11.19
11550.0	-2.21	11.25
11580.0	-2.24	11.33
11610.0	-2.26	11.3
11640.0	-2.27	11.31
11670.0	-2.29	11.27
11700.0	-2.31	11.36
11730.0	-2.33	11.39
11760.0	-2.34	11.25
11790.0	-2.36	11.37
11820.0	-2.37	11.48
11850.0	-2.38	11.45
11880.0	-2.39	11.45
11910.0	-2.4	11.36
11940.0	-2.4	11.48
11970.0	-2.41	11.54
12000.0	-2.41	11.54
12030.0	-2.41	11.54
12060.0	-2.41	11.67
12090.0	-2.41	11.61
12120.0	-2.41	11.66
12150.0	-2.4	11.61
12180.0	-2.4	11.66
12210.0	-2.39	11.78
12240.0	-2.38	11.66
12270.0	-2.37	11.66
12300.0	-2.37	11.75
12330.0	-2.35	11.7
12360.0	-2.34	11.67
12390.0	-2.32	11.76
12420.0	-2.32	11.81
12450.0	-2.3	11.82
12480.0	-2.29	11.88
12510.0	-2.27	11.85
12540.0	-2.26	11.9
12570.0	-2.25	11.91
12600.0	-2.23	11.94
12630.0	-2.21	11.99
12660.0	-2.2	11.99
12690.0	-2.18	11.96
12720.0	-2.16	11.97
12750.0	-2.14	12.0
12780.0	-2.13	12.05
12810.0	-2.11	12.11
12840.0	-2.09	12.03
12870.0	-2.07	12.02
12900.0	-2.06	12.09
12930.0	-2.04	12.11
12960.0	-2.02	12.17
12990.0	-2.0	12.14
13020.0	-1.99	12.2
13050.0	-1.97	12.18
13080.0	-1.96	12.23
13110.0	-1.95	12.12
13140.0	-1.93	12.29
13170.0	-1.91	12.29
13200.0	-1.9	12.28
13230.0	-1.88	12.32
13260.0	-1.87	12.37
13290.0	-1.86	12.32
13320.0	-1.85	12.37
13350.0	-1.83	12.37
13380.0	-1.82	12.4
13410.0	-1.82	12.46
13440.0	-1.81	12.41
13470.0	-1.8	12.41
13500.0	-1.79	12.47
13530.0	-1.78	12.52
13560.0	-1.78	12.5
13590.0	-1.77	12.53
13620.0	-1.76	12.58
13650.0	-1.76	12.52
13680.0	-1.75	12.56
13710.0	-1.75	12.61
13740.0	-1.75	12.59
13770.0	-1.74	12.64
13800.0	-1.74	12.65
13830.0	-1.74	12.65
13860.0	-1.74	12.62
13890.0	-1.74	12.67
13920.0	-1.74	12.71
13950.0	-1.75	12.74
13980.0	-1.75	12.73
14010.0	-1.75	12.74
14040.0	-1.76	12.8
14070.0	-1.77	12.79
14100.0	-1.77	12.83
14130.0	-1.78	12.83
14160.0	-1.78	12.88
14190.0	-1.79	12.89
14220.0	-1.8	12.89
14250.0	-1.81	12.89
14280.0	-1.82	12.91
14310.0	-1.84	12.83
14340.0	-1.84	12.95
14370.0	-1.86	12.97
14400.0	-1.88	13.0
14430.0	-1.89	13.03
14460.0	-1.91	13.1
14490.0	-1.93	13.06
14520.0	-1.95	13.09
14550.0	-1.97	13.16
14580.0	-1.98	13.09
14610.0	-2.0	13.19
14640.0	-2.03	13.15
14670.0	-2.05	13.15
14700.0	-2.07	13.1
14730.0	-2.1	13.16
14760.0	-2.13	13.15
14790.0	-2.15	13.24
14820.0	-2.18	13.21
14850.0	-2.2	13.27
14880.0	-2.24	13.25
14910.0	-2.26	13.24
14940.0	-2.29	13.28
14970.0	-2.32	13.3
15000.0	-2.36	13.3
15030.0	-2.39	13.33
15060.0	-2.42	13.37
15090.0	-2.46	13.34
15120.0	-2.5	13.37
15150.0	-2.53	13.53
15180.0	-2.57	13.42
15210.0	-2.61	13.47
15240.0	-2.65	13.48
15270.0	-2.69	13.53
15300.0	-2.73	13.54
15330.0	-2.77	13.53
15360.0	-2.81	13.53
15390.0	-2.85	13.53
15420.0	-2.89	13.63
15450.0	-2.94	13.5
15480.0	-2.98	13.6
15510.0	-3.02	13.66
15540.0	-3.07	13.62
15570.0	-3.12	13.62
15600.0	-3.16	13.62
15630.0	-3.2	13.68
15660.0	-3.24	13.68
15690.0	-3.28	13.71
15720.0	-3.33	13.71
15750.0	-3.37	13.74
15780.0	-3.41	13.75
15810.0	-3.45	13.69
15840.0	-3.49	13.8
15870.0	-3.53	13.81
15900.0	-3.56	13.75
15930.0	-3.6	13.81
15960.0	-3.64	13.81
15990.0	-3.67	13.86
16020.0	-3.71	13.86
16050.0	-3.74	13.77
16080.0	-3.77	13.9
16110.0	-3.79	13.92
16140.0	-3.82	13.93
16170.0	-3.85	13.93
16200.0	-3.87	13.9
16230.0	-3.9	13.98
16260.0	-3.92	14.04
16290.0	-3.94	14.01
16320.0	-3.96	14.07
16350.0	-3.97	14.14
16380.0	-3.99	14.08
16410.0	-4.01	14.07
16440.0	-4.02	14.13
16470.0	-4.03	14.13
16500.0	-4.04	14.05
16530.0	-4.04	14.16
16560.0	-4.05	14.11
16590.0	-4.05	14.16
16620.0	-4.05	14.22
16650.0	-4.06	14.16
16680.0	-4.05	14.23
16710.0	-4.05	14.23
16740.0	-4.05	14.22
16770.0	-4.04	14.28
16800.0	-4.04	14.34
16830.0	-4.03	14.29
16860.0	-4.02	14.31
16890.0	-4.0	14.32
16920.0	-3.99	14.37
16950.0	-3.97	14.4
16980.0	-3.96	14.4
17010.0	-3.94	14.32
17040.0	-3.93	14.41
17070.0	-3.91	14.4
17100.0	-3.89	14.41
17130.0	-3.87	14.46
17160.0	-3.85	14.46
17190.0	-3.83	14.46
17220.0	-3.81	14.47
17250.0	-3.79	14.46
17280.0	-3.77	14.53
17310.0	-3.74	14.55
17340.0	-3.72	14.47
17370.0	-3.69	14.56
17400.0	-3.67	14.58
17430.0	-3.65	14.59
17460.0	-3.62	14.64
17490.0	-3.6	14.55
17520.0	-3.57	14.64
17550.0	-3.54	14.73
17580.0	-3.52	14.67
17610.0	-3.49	14.76
17640.0	-3.46	14.78
17670.0	-3.44	14.72
17700.0	-3.41	14.72
17730.0	-3.38	14.73
17760.0	-3.36	14.72
17790.0	-3.33	14.78
17820.0	-3.3	14.78
17850.0	-3.28	14.76
17880.0	-3.26	14.82
17910.0	-3.23	14.82
17940.0	-3.2	14.73
17970.0	-3.18	14.88
18000.0	-3.16	14.88
18030.0	-3.14	14.88
18060.0	-3.12	14.97
18090.0	-3.09	14.82
18120.0	-3.07	14.94
18150.0	-3.05	14.94
18180.0	-3.03	14.93
18210.0	-3.0	14.93
18240.0	-2.98	15.03
18270.0	-2.97	15.0
18300.0	-2.95	14.96
18330.0	-2.93	15.03
18360.0	-2.91	15.08
18390.0	-2.89	15.11
18420.0	-2.87	15.08
18450.0	-2.86	15.0
18480.0	-2.84	15.11
18510.0	-2.83	15.14
18540.0	-2.82	14.94
18570.0	-2.8	15.14
18600.0	-2.79	15.21
18630.0	-2.78	15.14
18660.0	-2.77	15.26
18690.0	-2.76	15.17
18720.0	-2.75	15.23
18750.0	-2.74	15.3
18780.0	-2.73	15.24
18810.0	-2.73	15.23
18840.0	-2.72	15.35
18870.0	-2.72	15.27
18900.0	-2.71	15.27
18930.0	-2.71	15.29
18960.0	-2.71	15.3
18990.0	-2.7	15.33
19020.0	-2.7	15.33
19050.0	-2.7	15.36
19080.0	-2.7	15.35
19110.0	-2.7	15.39
19140.0	-2.7	15.38
19170.0	-2.71	15.42
19200.0	-2.71	15.44
19230.0	-2.71	15.42
19260.0	-2.72	15.42
19290.0	-2.72	15.47
19320.0	-2.73	15.47
19350.0	-2.73	15.48
19380.0	-2.74	15.53
19410.0	-2.75	15.5
19440.0	-2.76	15.56
19470.0	-2.77	15.5
19500.0	-2.78	15.57
19530.0	-2.79	15.56
19560.0	-2.8	15.59
19590.0	-2.82	15.65
19620.0	-2.83	15.6
19650.0	-2.85	15.65
19680.0	-2.86	15.59
19710.0	-2.88	15.66
19740.0	-2.9	15.44
19770.0	-2.92	15.63
19800.0	-2.94	15.66
19830.0	-2.96	15.68
19860.0	-2.98	15.71
19890.0	-3.0	15.71
19920.0	-3.02	15.72
19950.0	-3.05	15.72
19980.0	-3.07	15.74
20010.0	-3.1	15.77
20040.0	-3.12	15.87
20070.0	-3.15	15.8
20100.0	-3.18	15.84
20130.0	-3.2	15.81
20160.0	-3.23	15.83
20190.0	-3.26	15.84
20220.0	-3.29	15.87
20250.0	-3.32	15.87
20280.0	-3.36	15.94
20310.0	-3.39	15.97
20340.0	-3.43	15.87
20370.0	-3.46	15.91
20400.0	-3.49	15.92
20430.0	-3.53	15.97
20460.0	-3.57	15.97
20490.0	-3.61	16.03
20520.0	-3.64	16.01
20550.0	-3.68	16.01
20580.0	-3.72	16.03
20610.0	-3.77	16.04
20640.0	-3.8	16.16
20670.0	-3.85	16.06
20700.0	-3.89	16.04
20730.0	-3.94	16.13
20760.0	-3.98	16.1
20790.0	-4.02	16.12
20820.0	-4.07	16.15
20850.0	-4.11	16.13
20880.0	-4.16	16.16
20910.0	-4.2	16.18
20940.0	-4.25	16.13
20970.0	-4.3	16.18
21000.0	-4.35	16.19
21030.0	-4.4	16.19
21060.0	-4.44	16.19
21090.0	-4.49	16.21
21120.0	-4.54	16.24
21150.0	-4.59	16.25
21180.0	-4.64	16.27
21210.0	-4.69	16.27
21240.0	-4.73	16.34
21270.0	-4.79	16.3
21300.0	-4.84	16.31
21330.0	-4.89	16.34
21360.0	-4.93	16.36
21390.0	-4.99	16.36
21420.0	-5.03	16.34
21450.0	-5.08	16.31
21480.0	-5.13	16.46
21510.0	-5.18	16.4
21540.0	-5.22	16.37
21570.0	-5.27	16.42
21600.0	-5.32	16.42
21630.0	-5.36	16.37
21660.0	-5.4	16.48
21690.0	-5.45	16.43
21720.0	-5.49	16.46
21750.0	-5.52	16.49
21780.0	-5.57	16.54
21810.0	-5.61	16.51
21840.0	-5.65	16.58
21870.0	-5.69	16.52
21900.0	-5.72	16.57
21930.0	-5.76	16.61
21960.0	-5.8	16.6
21990.0	-5.83	16.6
22020.0	-5.87	16.64
22050.0	-5.9	16.57
22080.0	-5.92	16.72
22110.0	-5.95	16.63
22140.0	-5.98	16.61
22170.0	-6.01	16.67
22200.0	-6.03	16.67
22230.0	-6.06	16.7
22260.0	-6.09	16.69
22290.0	-6.11	16.66
22320.0	-6.13	16.69
22350.0	-6.15	16.72
22380.0	-6.17	16.75
22410.0	-6.19	16.76
22440.0	-6.21	16.79
22470.0	-6.22	16.78
22500.0	-6.23	16.79
22530.0	-6.25	16.78
22560.0	-6.26	16.81
22590.0	-6.27	16.84
22620.0	-6.27	16.79
22650.0	-6.28	16.84
22680.0	-6.29	16.87
22710.0	-6.29	16.84
22740.0	-6.29	16.87
22770.0	-6.3	16.99
22800.0	-6.29	16.9
22830.0	-6.29	17.02
22860.0	-6.29	16.91
22890.0	-6.29	17.0
22920.0	-6.28	16.85
22950.0	-6.28	16.97
22980.0	-6.27	16.91
23010.0	-6.26	16.97
23040.0	-6.25	17.0
23070.0	-6.24	16.96
23100.0	-6.23	17.02
23130.0	-6.22	17.03
23160.0	-6.2	17.02
23190.0	-6.19	17.06
23220.0	-6.18	17.11
23250.0	-6.17	17.05
23280.0	-6.15	17.13
23310.0	-6.13	17.11
23340.0	-6.11	17.02
23370.0	-6.1	17.03
23400.0	-6.08	17.11
23430.0	-6.06	17.13
23460.0	-6.04	17.14
23490.0	-6.02	17.19
23520.0	-6.0	17.19
23550.0	-5.98	17.16
23580.0	-5.96	17.11
23610.0	-5.93	17.17
23640.0	-5.91	17.28
23670.0	-5.89	17.11
23700.0	-5.87	17.25
23730.0	-5.84	17.23
23760.0	-5.82	17.23
23790.0	-5.79	17.28
23820.0	-5.77	17.25
23850.0	-5.74	17.29
23880.0	-5.72	17.35
23910.0	-5.69	17.31
23940.0	-5.67	17.28
23970.0	-5.64	17.26
24000.0	-5.61	17.37
24030.0	-5.59	17.34
24060.0	-5.56	17.35
24090.0	-5.53	17.37
24120.0	-5.51	17.41
24150.0	-5.48	17.41
24180.0	-5.45	17.34
24210.0	-5.43	17.4
24240.0	-5.41	17.4
24270.0	-5.38	17.49
24300.0	-5.36	17.46
24330.0	-5.33	17.46
24360.0	-5.31	17.43
24390.0	-5.28	17.46
24420.0	-5.26	17.44
24450.0	-5.23	17.49
24480.0	-5.21	17.49
24510.0	-5.19	17.52
24540.0	-5.16	17.55
24570.0	-5.14	17.52
24600.0	-5.12	17.55
24630.0	-5.09	17.53
24660.0	-5.08	17.55
24690.0	-5.05	17.55
24720.0	-5.03	17.62
24750.0	-5.01	17.61
24780.0	-4.99	17.61
24810.0	-4.97	17.61
24840.0	-4.96	17.61
24870.0	-4.94	17.61
24900.0	-4.91	17.65
24930.0	-4.9	17.67
24960.0	-4.88	17.64
24990.0	-4.86	17.67
25020.0	-4.84	17.73
25050.0	-4.83	17.7
25080.0	-4.81	17.68
25110.0	-4.8	17.74
25140.0	-4.78	17.7
25170.0	-4.77	17.7
25200.0	-4.76	17.74
25230.0	-4.74	17.68
25260.0	-4.73	17.82
25290.0	-4.72	17.73
25320.0	-4.71	17.68
25350.0	-4.7	17.79
25380.0	-4.69	17.76
25410.0	-4.68	17.74
25440.0	-4.67	17.83
25470.0	-4.67	17.82
25500.0	-4.74	17.86
25530.0	-5.01	17.83
25560.0	-5.58	17.82
25590.0	-6.48	17.88
25620.0	-7.74	17.89
25650.0	-9.36	17.88
25680.0	-9.89	17.89
25710.0	-9.89	17.85
25740.0	-9.89	17.88
25770.0	-9.89	17.89
25800.0	-9.89	17.91
25830.0	-9.89	17.91
25860.0	-9.89	18.04
25890.0	-9.89	17.92
25920.0	-9.89	17.91
25950.0	-9.89	17.97
25980.0	-9.89	17.98
26010.0	-9.89	18.09
26040.0	-9.89	17.98
26070.0	-9.89	18.0
26100.0	-9.89	18.01
26130.0	-9.89	18.09
26160.0	-9.89	17.98
26190.0	-9.89	18.04
26220.0	-9.89	18.07
26250.0	-9.89	18.04
26280.0	-9.89	18.04
26310.0	-9.89	15.62
26340.0	-9.89	13.57
26370.0	-9.89	11.81
