Time	Analog in 1	Analog in 2
t/ms	U/V	U/V

0,0	0,01	0,92
60,0	0,01	0,69
120,0	0,01	0,6
180,0	0,01	0,5
240,0	0,02	1,02
300,0	0,01	0,68
360,0	0,01	0,9
420,0	0,01	0,92
480,0	0,01	0,95
540,0	0,01	0,95
600,0	0,02	1,17
660,0	0,01	1,22
720,0	0,01	1,34
780,0	0,01	1,64
840,0	0,01	1,6
900,0	0,01	1,4
960,0	0,02	1,7
1020,0	0,01	1,75
1080,0	0,01	1,97
1140,0	0,01	2,08
1200,0	0,01	1,9
1260,0	0,01	1,94
1320,0	0,01	1,87
1380,0	0,01	2,47
1440,0	0,01	2,3
1500,0	0,01	2,15
1560,0	0,01	2,26
1620,0	0,01	2,64
1680,0	0,01	2,39
1740,0	0,0	2,67
1800,0	0,01	2,85
1860,0	0,0	2,79
1920,0	0,0	2,67
1980,0	0,0	2,92
2040,0	0,0	2,98
2100,0	0,0	3,07
2160,0	0,0	3,15
2220,0	0,0	3,13
2280,0	0,0	3,4
2340,0	-0,01	3,13
2400,0	-0,01	3,52
2460,0	-0,01	3,46
2520,0	-0,02	3,68
2580,0	-0,02	3,72
2640,0	-0,02	3,72
2700,0	-0,02	3,75
2760,0	-0,02	3,71
2820,0	-0,03	3,92
2880,0	-0,03	3,57
2940,0	-0,03	4,1
3000,0	-0,04	4,04
3060,0	-0,04	4,14
3120,0	-0,04	4,11
3180,0	-0,04	4,02
3240,0	-0,05	4,11
3300,0	-0,05	4,46
3360,0	-0,05	4,58
3420,0	-0,06	4,25
3480,0	-0,05	4,35
3540,0	-0,06	4,76
3600,0	-0,06	4,76
3660,0	-0,07	4,77
3720,0	-0,07	4,77
3780,0	-0,08	4,71
3840,0	-0,08	4,58
3900,0	-0,09	4,86
3960,0	-0,09	5,0
4020,0	-0,1	5,26
4080,0	-0,1	4,96
4140,0	-0,11	5,32
4200,0	-0,12	5,14
4260,0	-0,12	5,36
4320,0	-0,13	5,66
4380,0	-0,14	5,23
4440,0	-0,15	5,44
4500,0	-0,16	5,57
4560,0	-0,17	5,47
4620,0	-0,19	5,75
4680,0	-0,2	5,66
4740,0	-0,21	5,89
4800,0	-0,22	6,07
4860,0	-0,23	5,83
4920,0	-0,25	6,27
4980,0	-0,27	6,08
5040,0	-0,28	5,84
5100,0	-0,29	5,98
5160,0	-0,3	6,33
5220,0	-0,3	6,31
5280,0	-0,31	6,66
5340,0	-0,32	6,25
5400,0	-0,33	6,43
5460,0	-0,32	6,39
5520,0	-0,33	6,34
5580,0	-0,33	6,57
5640,0	-0,33	6,69
5700,0	-0,33	6,72
5760,0	-0,33	6,97
5820,0	-0,34	6,67
5880,0	-0,34	6,81
5940,0	-0,34	6,84
6000,0	-0,33	7,12
6060,0	-0,34	7,14
6120,0	-0,34	6,99
6180,0	-0,33	7,05
6240,0	-0,34	7,29
6300,0	-0,34	7,23
6360,0	-0,35	7,46
6420,0	-0,35	7,12
6480,0	-0,35	7,35
6540,0	-0,35	7,4
6600,0	-0,36	7,37
6660,0	-0,37	7,73
6720,0	-0,38	7,3
6780,0	-0,38	7,59
6840,0	-0,39	7,58
6900,0	-0,4	7,77
6960,0	-0,41	8,12
7020,0	-0,43	7,79
7080,0	-0,44	7,92
7140,0	-0,45	7,85
7200,0	-0,47	7,89
7260,0	-0,49	8,42
7320,0	-0,51	8,13
7380,0	-0,53	8,18
7440,0	-0,56	8,34
7500,0	-0,58	8,24
7560,0	-0,61	8,03
7620,0	-0,64	8,27
7680,0	-0,67	8,62
7740,0	-0,69	8,3
7800,0	-0,73	8,54
7860,0	-0,76	8,39
7920,0	-0,78	8,6
7980,0	-0,81	8,74
8040,0	-0,83	8,59
8100,0	-0,85	8,8
8160,0	-0,86	8,8
8220,0	-0,87	8,83
8280,0	-0,88	8,92
8340,0	-0,89	8,93
8400,0	-0,9	9,02
8460,0	-0,9	9,25
8520,0	-0,9	9,02
8580,0	-0,89	9,29
8640,0	-0,89	9,1
8700,0	-0,88	9,14
8760,0	-0,87	8,89
8820,0	-0,87	9,41
8880,0	-0,86	9,16
8940,0	-0,84	9,43
9000,0	-0,84	9,43
9060,0	-0,83	9,52
9120,0	-0,82	9,49
9180,0	-0,81	9,44
9240,0	-0,8	9,55
9300,0	-0,79	9,64
9360,0	-0,79	9,76
9420,0	-0,78	9,52
9480,0	-0,77	9,59
9540,0	-0,77	10,05
9600,0	-0,76	9,94
9660,0	-0,76	10,08
9720,0	-0,76	9,85
9780,0	-0,76	10,0
9840,0	-0,76	10,17
9900,0	-0,77	10,18
9960,0	-0,78	10,51
10020,0	-0,78	10,26
10080,0	-0,79	10,27
10140,0	-0,8	10,14
10200,0	-0,81	10,26
10260,0	-0,83	10,17
10320,0	-0,85	10,35
10380,0	-0,87	10,17
10440,0	-0,88	10,5
10500,0	-0,91	10,59
10560,0	-0,93	10,63
10620,0	-0,95	10,6
10680,0	-0,98	10,65
10740,0	-1,02	10,71
10800,0	-1,05	10,62
10860,0	-1,09	10,54
10920,0	-1,13	10,62
10980,0	-1,17	10,63
11040,0	-1,21	10,71
11100,0	-1,25	10,92
11160,0	-1,3	10,77
11220,0	-1,35	11,27
11280,0	-1,39	11,07
11340,0	-1,43	10,99
11400,0	-1,48	10,98
11460,0	-1,52	11,31
11520,0	-1,56	11,21
11580,0	-1,6	11,31
11640,0	-1,63	11,19
11700,0	-1,66	11,31
11760,0	-1,68	11,49
11820,0	-1,7	11,3
11880,0	-1,72	11,34
11940,0	-1,73	11,46
12000,0	-1,74	11,85
12060,0	-1,74	11,54
12120,0	-1,73	11,45
12180,0	-1,73	11,61
12240,0	-1,72	11,94
12300,0	-1,71	11,57
12360,0	-1,7	11,91
12420,0	-1,68	11,88
12480,0	-1,66	11,75
12540,0	-1,65	12,09
12600,0	-1,62	12,18
12660,0	-1,6	12,15
12720,0	-1,57	11,84
12780,0	-1,55	12,05
12840,0	-1,53	11,75
12900,0	-1,51	12,28
12960,0	-1,48	12,05
13020,0	-1,46	12,31
13080,0	-1,44	12,2
13140,0	-1,42	12,18
13200,0	-1,39	12,03
13260,0	-1,38	12,25
13320,0	-1,36	12,34
13380,0	-1,35	12,41
13440,0	-1,34	12,58
13500,0	-1,32	12,49
13560,0	-1,31	12,5
13620,0	-1,3	12,62
13680,0	-1,29	12,26
13740,0	-1,29	12,43
13800,0	-1,29	12,7
13860,0	-1,29	12,74
13920,0	-1,29	12,58
13980,0	-1,29	12,56
14040,0	-1,3	12,65
14100,0	-1,3	12,68
14160,0	-1,31	12,89
14220,0	-1,33	12,62
14280,0	-1,34	12,5
14340,0	-1,36	13,27
14400,0	-1,37	13,06
14460,0	-1,4	13,18
14520,0	-1,42	13,07
14580,0	-1,45	12,88
14640,0	-1,48	12,88
14700,0	-1,51	13,22
14760,0	-1,54	13,37
14820,0	-1,58	13,18
14880,0	-1,62	13,57
14940,0	-1,66	13,1
15000,0	-1,71	13,34
15060,0	-1,75	13,59
15120,0	-1,8	13,54
15180,0	-1,85	13,56
15240,0	-1,91	13,34
15300,0	-1,96	13,51
15360,0	-2,02	13,48
15420,0	-2,07	13,5
15480,0	-2,13	13,71
15540,0	-2,19	13,75
15600,0	-2,25	13,51
15660,0	-2,31	13,8
15720,0	-2,37	13,93
15780,0	-2,43	13,86
15840,0	-2,49	13,56
15900,0	-2,54	13,66
15960,0	-2,59	13,98
16020,0	-2,63	13,83
16080,0	-2,68	13,86
16140,0	-2,72	14,05
16200,0	-2,75	14,14
16260,0	-2,78	14,05
16320,0	-2,81	13,81
16380,0	-2,83	13,57
16440,0	-2,85	14,16
16500,0	-2,86	14,13
16560,0	-2,87	14,31
16620,0	-2,88	14,1
16680,0	-2,88	14,41
16740,0	-2,87	14,37
16800,0	-2,86	14,17
16860,0	-2,85	14,26
16920,0	-2,83	14,13
16980,0	-2,81	14,23
17040,0	-2,79	14,56
17100,0	-2,76	14,2
17160,0	-2,73	14,31
17220,0	-2,71	14,49
17280,0	-2,68	14,79
17340,0	-2,64	14,4
17400,0	-2,61	14,59
17460,0	-2,57	14,65
17520,0	-2,54	14,69
17580,0	-2,49	14,78
17640,0	-2,46	14,61
17700,0	-2,42	14,49
17760,0	-2,38	14,87
17820,0	-2,35	14,73
17880,0	-2,31	14,91
17940,0	-2,27	14,85
18000,0	-2,25	15,09
18060,0	-2,22	14,91
18120,0	-2,18	14,99
18180,0	-2,15	15,12
18240,0	-2,12	15,15
18300,0	-2,1	14,82
18360,0	-2,08	15,17
18420,0	-2,05	14,9
18480,0	-2,02	15,02
18540,0	-2,01	15,08
18600,0	-1,99	15,18
18660,0	-1,97	15,42
18720,0	-1,96	15,26
18780,0	-1,95	15,17
18840,0	-1,94	15,24
18900,0	-1,93	15,33
18960,0	-1,93	15,47
19020,0	-1,92	15,32
19080,0	-1,92	15,32
19140,0	-1,92	15,36
19200,0	-1,93	15,41
19260,0	-1,93	15,32
19320,0	-1,94	15,44
19380,0	-1,95	15,47
19440,0	-1,96	15,38
19500,0	-1,98	15,44
19560,0	-2,0	15,63
19620,0	-2,01	15,41
19680,0	-2,04	15,6
19740,0	-2,06	15,65
19800,0	-2,09	15,72
19860,0	-2,12	15,62
19920,0	-2,15	15,75
19980,0	-2,19	15,86
20040,0	-2,22	15,71
20100,0	-2,26	15,95
20160,0	-2,29	15,68
20220,0	-2,34	16,0
20280,0	-2,38	15,8
20340,0	-2,43	16,15
20400,0	-2,48	15,87
20460,0	-2,52	15,94
20520,0	-2,58	16,19
20580,0	-2,64	16,25
20640,0	-2,69	16,01
20700,0	-2,75	15,89
20760,0	-2,8	16,31
20820,0	-2,87	16,09
20880,0	-2,93	16,13
20940,0	-3,0	16,01
21000,0	-3,07	16,22
21060,0	-3,14	16,27
21120,0	-3,19	16,3
21180,0	-3,26	16,1
21240,0	-3,33	16,28
21300,0	-3,4	16,45
21360,0	-3,47	16,3
21420,0	-3,53	16,25
21480,0	-3,6	16,3
21540,0	-3,66	16,67
21600,0	-3,72	16,49
21660,0	-3,78	16,57
21720,0	-3,84	16,46
21780,0	-3,89	16,67
21840,0	-3,94	16,6
21900,0	-4,0	16,58
21960,0	-4,04	16,99
22020,0	-4,08	16,57
22080,0	-4,12	16,63
22140,0	-4,16	16,91
22200,0	-4,19	16,66
22260,0	-4,23	16,88
22320,0	-4,25	16,39
22380,0	-4,28	16,73
22440,0	-4,29	16,76
22500,0	-4,31	16,6
22560,0	-4,32	16,81
22620,0	-4,33	16,76
22680,0	-4,33	16,81
22740,0	-4,34	16,97
22800,0	-4,33	16,78
22860,0	-4,33	17,16
22920,0	-4,31	16,91
22980,0	-4,3	16,82
23040,0	-4,29	16,81
23100,0	-4,27	17,05
23160,0	-4,25	16,85
23220,0	-4,23	17,02
23280,0	-4,2	16,82
23340,0	-4,17	17,25
23400,0	-4,15	17,28
23460,0	-4,11	17,05
23520,0	-4,09	17,17
23580,0	-4,05	17,35
23640,0	-4,01	17,19
23700,0	-3,98	17,14
23760,0	-3,94	17,19
23820,0	-3,9	17,34
23880,0	-3,86	17,13
23940,0	-3,83	17,4
24000,0	-3,79	17,34
24060,0	-3,75	17,25
24120,0	-3,71	17,22
24180,0	-3,67	17,7
24240,0	-3,64	17,71
24300,0	-3,6	17,35
24360,0	-3,56	17,31
24420,0	-3,53	17,62
24480,0	-3,49	17,62
24540,0	-3,46	17,4
24600,0	-3,42	17,58
24660,0	-3,39	17,52
24720,0	-3,36	17,61
24780,0	-3,33	17,64
24840,0	-3,29	17,8
24900,0	-3,26	17,76
24960,0	-3,24	17,53
25020,0	-3,22	17,71
25080,0	-3,19	17,92
25140,0	-3,17	17,94
25200,0	-3,15	17,65
25260,0	-3,13	17,79
25320,0	-3,11	17,77
25380,0	-3,09	17,77
25440,0	-3,08	17,89
25500,0	-3,07	17,91
25560,0	-3,05	17,83
25620,0	-3,04	17,62
25680,0	-3,04	17,55
25740,0	-3,02	17,52
25800,0	-3,02	18,19
25860,0	-3,02	18,13
25920,0	-3,02	17,89
25980,0	-3,02	17,89
26040,0	-3,02	18,06
26100,0	-3,02	18,0
26160,0	-3,03	17,85
26220,0	-3,04	18,07
26280,0	-3,05	17,94
26340,0	-3,06	18,07
26400,0	-3,07	18,28
26460,0	-3,09	18,28
26520,0	-3,1	18,27
26580,0	-3,12	18,01
26640,0	-3,15	18,1
26700,0	-3,17	18,21
26760,0	-3,19	18,53
26820,0	-3,22	18,21
26880,0	-3,24	18,41
26940,0	-3,27	18,36
27000,0	-3,31	18,63
27060,0	-3,34	18,31
27120,0	-3,38	18,47
27180,0	-3,42	18,18
27240,0	-3,46	18,36
27300,0	-3,69	18,48
27360,0	-4,7	18,5
27420,0	-6,78	18,54
27480,0	-9,95	18,41
27540,0	-9,89	18,35
27600,0	-9,89	18,42
27660,0	-9,89	18,39
27720,0	-9,89	18,59
27780,0	-9,89	18,56
27840,0	-9,89	18,59
27900,0	-9,89	18,5
27960,0	-9,89	18,65
28020,0	-9,89	18,65
28080,0	-9,89	18,25
28140,0	-9,89	18,5
28200,0	-9,89	18,63
28260,0	-9,89	18,71
28320,0	-9,89	18,66
28380,0	-9,89	16,57
28440,0	-9,89	12,55
28500,0	-9,89	9,52
28560,0	-9,89	7,43
28620,0	-9,89	5,68
28680,0	-9,89	4,31
28740,0	-9,89	3,25
28800,0	-9,89	2,53
28860,0	-9,89	1,94
